image: map.pgm
resolution: 0.050000
origin: [-10.378135, -10.303613, 0.000000]
negate: 0
occupied_thresh: 0.65
free_thresh: 0.196