image: map.pgm
resolution: 0.050000
origin: [-14.798814, -11.538195, 0.000000]
negate: 0
occupied_thresh: 0.65
free_thresh: 0.196