image: map.pgm
resolution: 0.050000
origin: [-11.756412, -13.655763, 0.000000]
negate: 0
occupied_thresh: 0.65
free_thresh: 0.196